0.000000	|0.000000	|0.000000	|0.000000	|0.000000	|0.000000	|0.000000	|0.000000	|0.000000	|0.000000	|0.000000	|0.000000	|0.000000	|0.000000	|0.000000	|
0.000000	|0.997920	|0.997918	|0.997916	|0.997913	|0.997911	|0.997909	|0.997906	|0.997904	|0.997901	|0.997899	|0.997896	|0.997894	|0.997892	|0.997889	|
0.000000	|0.996881	|0.996880	|0.996877	|0.996875	|0.996873	|0.996870	|0.996868	|0.996865	|0.996863	|0.996860	|0.996858	|0.996856	|0.996853	|0.996851	|
0.000000	|0.995324	|0.995322	|0.995320	|0.995317	|0.995315	|0.995313	|0.995310	|0.995308	|0.995305	|0.995303	|0.995300	|0.995298	|0.995296	|0.995293	|
0.000000	|0.993766	|0.993765	|0.993762	|0.993760	|0.993757	|0.993755	|0.993752	|0.993750	|0.993748	|0.993745	|0.993743	|0.993740	|0.993738	|0.993736	|
0.000000	|0.992209	|0.992207	|0.992205	|0.992202	|0.992200	|0.992197	|0.992195	|0.992193	|0.992190	|0.992188	|0.992185	|0.992183	|0.992180	|0.992178	|
0.000000	|0.990651	|0.990649	|0.990647	|0.990644	|0.990642	|0.990640	|0.990637	|0.990635	|0.990632	|0.990630	|0.990628	|0.990625	|0.990623	|0.990620	|
0.000000	|0.989093	|0.989092	|0.989089	|0.989087	|0.989084	|0.989082	|0.989080	|0.989077	|0.989075	|0.989072	|0.989070	|0.989067	|0.989065	|0.989063	|
0.000000	|0.987536	|0.987534	|0.987532	|0.987529	|0.987527	|0.987524	|0.987522	|0.987520	|0.987517	|0.987515	|0.987512	|0.987510	|0.987507	|0.987505	|
0.000000	|0.985978	|0.985976	|0.985974	|0.985972	|0.985969	|0.985967	|0.985964	|0.985962	|0.985959	|0.985957	|0.985955	|0.985952	|0.985950	|0.985947	|
0.000000	|0.984420	|0.984419	|0.984416	|0.984414	|0.984412	|0.984409	|0.984407	|0.984404	|0.984402	|0.984399	|0.984397	|0.984395	|0.984392	|0.984390	|
0.000000	|0.982863	|0.982861	|0.982859	|0.982856	|0.982854	|0.982852	|0.982849	|0.982847	|0.982844	|0.982842	|0.982839	|0.982837	|0.982835	|0.982832	|
0.000000	|0.981305	|0.981304	|0.981301	|0.981299	|0.981296	|0.981294	|0.981291	|0.981289	|0.981287	|0.981284	|0.981282	|0.981279	|0.981277	|0.981274	|
0.000000	|0.979748	|0.979746	|0.979744	|0.979741	|0.979739	|0.979736	|0.979734	|0.979731	|0.979729	|0.979726	|0.979724	|0.979722	|0.979719	|0.979717	|
0.000000	|0.978190	|0.978188	|0.978186	|0.978183	|0.978181	|0.978179	|0.978176	|0.978174	|0.978171	|0.978169	|0.978166	|0.978164	|0.978162	|0.978159	|
